{
 "cells": [
  {
   "cell_type": "code",
   "execution_count": 5,
   "id": "bf679560-fc07-4a3a-b08a-88ad398c844e",
   "metadata": {
    "editable": true,
    "slideshow": {
     "slide_type": ""
    },
    "tags": []
   },
   "outputs": [
    {
     "name": "stdout",
     "output_type": "stream",
     "text": [
      "Testing utility functions\n"
     ]
    }
   ],
   "source": [
    "import os\n",
    "import shutil\n",
    "import numpy as np\n",
    "import matplotlib.pyplot as plt\n",
    "from joblib import Parallel, delayed\n",
    "\n",
    "def split_xyz(input_file):\n",
    "    # 获取源文件的文件夹路径和文件名\n",
    "    folder_name = os.path.splitext(os.path.basename(input_file))[0]  # 去除扩展名\n",
    "    folder_path = os.path.join(os.path.dirname(input_file), folder_name)  # 创建目标文件夹路径\n",
    "    \n",
    "    if os.path.exists(folder_path):\n",
    "        # 文件夹已存在，先删除并清空\n",
    "        shutil.rmtree(folder_path)\n",
    "    \n",
    "    # 文件夹不存在或已被清空，重新创建\n",
    "    os.makedirs(folder_path)\n",
    "    \n",
    "    # 读取源文件内容\n",
    "    with open(input_file, 'r') as f:\n",
    "        lines = f.readlines()\n",
    "    \n",
    "    frame_count = 0\n",
    "    i = 0\n",
    "    while i < len(lines):\n",
    "        # 读取每一帧的原子数\n",
    "        num_atoms = int(lines[i].strip())\n",
    "        \n",
    "        # 读取当前帧的注释行\n",
    "        frame_comment = lines[i + 1].strip()\n",
    "        \n",
    "        # 读取原子坐标\n",
    "        atoms = lines[i + 2 : i + 2 + num_atoms]\n",
    "        \n",
    "        # 创建新文件并保存当前帧\n",
    "        frame_count += 1\n",
    "        output_filename = f\"frame_{frame_count}.xyz\"\n",
    "        output_filepath = os.path.join(folder_path, output_filename)\n",
    "        \n",
    "        with open(output_filepath, 'w') as out_file:\n",
    "            out_file.write(f\"{num_atoms}\\n\")\n",
    "            out_file.write(f\"{frame_comment}\\n\")\n",
    "            out_file.writelines(atoms)\n",
    "        \n",
    "        # 更新索引，跳过当前帧\n",
    "        i += 2 + num_atoms\n",
    "        print(f\"Frame {frame_count} written to {output_filepath}\")\n",
    "\n",
    "    print(\"===xyz file splitting completed===\\n\")\n",
    "\n",
    "\n",
    "def noe_calc(filename, natom, deleteH):\n",
    "\n",
    "\n",
    "    # 计算距离\n",
    "    def get_distance(filename):\n",
    "\n",
    "        # 计算两点间的欧几里得距离\n",
    "        def calculate_distance(atom1, atom2):\n",
    "            return np.linalg.norm(atom1 - atom2)\n",
    "        \n",
    "        # 解析XYZ文件并提取原子坐标\n",
    "        def parse_xyz(xyz_file):\n",
    "            with open(xyz_file, 'r') as f:\n",
    "                lines = f.readlines()\n",
    "        \n",
    "            num_atoms = int(lines[0].strip())  # 第一行是原子数\n",
    "            coordinates = []\n",
    "            \n",
    "            for line in lines[2:2+num_atoms]:  # 从第三行开始是原子的元素和坐标\n",
    "                parts = line.split()\n",
    "                atom = parts[0]  # 元素符号\n",
    "                x, y, z = map(float, parts[1:4])  # 坐标\n",
    "                coordinates.append([x, y, z])\n",
    "        \n",
    "            return np.array(coordinates)  # 返回一个n x 3的数组，n为原子数\n",
    "        \n",
    "        # 计算原子距离矩阵\n",
    "        def calculate_distance_matrix(coordinates):\n",
    "            num_atoms = len(coordinates)\n",
    "            distance_matrix = np.zeros((num_atoms, num_atoms))\n",
    "        \n",
    "            for i in range(num_atoms):\n",
    "                for j in range(i + 1, num_atoms):\n",
    "                    distance = calculate_distance(coordinates[i], coordinates[j])\n",
    "                    distance_matrix[i][j] = distance_matrix[j][i] = distance  # 对称矩阵\n",
    "        \n",
    "            return distance_matrix\n",
    "        \n",
    "        xyz_file = f\"{filename}.xyz\"  # XYZ文件路径\n",
    "        # output_file = xyz_file.replace(\".xyz\", \"_distance_matrix.npy\") #   # 输出的二进制矩阵文件路径\n",
    "        print(f\"Calculating distance matrix for {filename} ...\")\n",
    "        coordinates = parse_xyz(xyz_file)\n",
    "        distance_matrix = calculate_distance_matrix(coordinates)\n",
    "        return distance_matrix\n",
    "    \n",
    "    # 计算 1/r^6 矩阵\n",
    "    def calculate_inverse_r6_matrix(distance_matrix, filename):\n",
    "        # 避免除以零，先替换对角线上的值为np.inf\n",
    "        np.fill_diagonal(distance_matrix, np.inf)\n",
    "        print(f\"Calculating 1/r^6 matrix for {filename} ...\")\n",
    "        inverse_r6_matrix = 1 / np.power(distance_matrix, 6)\n",
    "        return inverse_r6_matrix\n",
    "    \n",
    "    # 计算平均值矩阵\n",
    "    def calculate_avg_for_positions(inverse_r6_matrix, m, filename):\n",
    "        print(f\"Calculating molecular average 1/r^6 matrix for {filename} ...\")\n",
    "        n = inverse_r6_matrix.shape[0]\n",
    "        \n",
    "        # 新矩阵的尺寸应为 m x m\n",
    "        avg_inverse_r6_matrix = np.zeros((m, m))\n",
    "    \n",
    "        # 计算每个位置的平均值\n",
    "        for i in range(m):\n",
    "            for j in range(m):\n",
    "                # 对每个小块的位置 [i,j]，计算所有小块在这个位置的元素平均值\n",
    "                values = []\n",
    "                for row_block in range(n // m):\n",
    "                    for col_block in range(n // m):\n",
    "                        # 提取位置 [i, j] 对应的值\n",
    "                        value = inverse_r6_matrix[row_block*m + i, col_block*m + j]\n",
    "                        values.append(value)\n",
    "                \n",
    "                # 计算并赋值\n",
    "                avg_inverse_r6_matrix[i, j] = np.mean(values)\n",
    "        \n",
    "        return avg_inverse_r6_matrix\n",
    "    \n",
    "    def modify_matrix(matrix, delete_list, filename):\n",
    "        \n",
    "        # 定义要删除的行和列的1-based索引\n",
    "        rows_to_delete_1based = delete_list\n",
    "        cols_to_delete_1based = delete_list\n",
    "        \n",
    "        # 将1-based索引转换为0-based索引\n",
    "        rows_to_delete_0based = [index - 1 for index in rows_to_delete_1based]\n",
    "        cols_to_delete_0based = [index - 1 for index in cols_to_delete_1based]\n",
    "        \n",
    "        # 删除指定的行和列\n",
    "        matrix_modified = np.delete(matrix, rows_to_delete_0based, axis=0)  # 删除行\n",
    "        matrix_modified = np.delete(matrix_modified, cols_to_delete_0based, axis=1)  # 删除列\n",
    "        \n",
    "        # 保存修改后的矩阵\n",
    "        np.save(f\"{filename}_avg_inverse_r6_matrix.npy\", matrix_modified)\n",
    "        print(f\"Molecular average 1/r^6 matrix for {filename} saved in {filename}_avg_inverse_r6_matrix.npy:\")\n",
    "        print(matrix_modified)\n",
    "    \n",
    "    # main\n",
    "    distance_matrix = get_distance(filename)\n",
    "    inverse_r6_matrix = calculate_inverse_r6_matrix(distance_matrix, filename)\n",
    "    m = natom  # 分子数\n",
    "    avg_inverse_r6_matrix = calculate_avg_for_positions(inverse_r6_matrix, m, filename)\n",
    "    delete_list = deleteH # 活泼氢 [21, 22, 23, 34, 35]\n",
    "    modify_matrix(avg_inverse_r6_matrix, delete_list, filename)\n",
    "    print(f\"===Finish calculation for {filename}===\\n\")\n",
    "\n",
    "\n",
    "def calculate_average_matrix(filename):\n",
    "    print(f\"Calculating time average 1/r^6 matrix for {filename} ...\")\n",
    "    # 获取当前目录下所有的 .npy 文件\n",
    "    npy_files = [f for f in os.listdir() if f.endswith('.npy')]\n",
    "    \n",
    "    if len(npy_files) == 0:\n",
    "        print(\"当前目录下没有 .npy 文件！\")\n",
    "        return\n",
    "\n",
    "    # 加载第一个文件，假设所有矩阵大小相同\n",
    "    first_matrix = np.load(npy_files[0])\n",
    "    n = first_matrix.shape[0]  # 矩阵的大小 n*n\n",
    "    sum_matrix = np.zeros_like(first_matrix, dtype=np.float64)  # 初始化一个零矩阵，用于累加\n",
    "\n",
    "    # 遍历所有文件，逐个加载并累加矩阵\n",
    "    for file in npy_files:\n",
    "        matrix = np.load(file)\n",
    "        sum_matrix += matrix  # 累加矩阵\n",
    "\n",
    "    # 计算平均矩阵\n",
    "    avg_matrix = sum_matrix / len(npy_files)\n",
    "\n",
    "    # 保存到 time_avg_inverse_r6_matrix.npy 文件\n",
    "    np.save(f\"{filename}_time_avg_inverse_r6_matrix.npy\", avg_matrix)\n",
    "    print(f\"Molecular average 1/r^6 matrix for {filename} saved in {filename}_time_avg_inverse_r6_matrix.npy:\")\n",
    "    print(avg_matrix)\n",
    "    print(f\"===Finish calculation for {filename}===\\n\")\n",
    "\n",
    "\n",
    "def lorentzian_2d_broadening(X, Y, x_points, y_points, z_points, FWHM_x, FWHM_y):\n",
    "    \"\"\"\n",
    "    计算二维洛伦兹展宽函数\n",
    "    :param X: 目标网格的x坐标矩阵\n",
    "    :param Y: 目标网格的y坐标矩阵\n",
    "    :param x_points: 给定的x坐标点\n",
    "    :param y_points: 给定的y坐标点\n",
    "    :param z_points: 给定的z坐标点（对应x_points和y_points）\n",
    "    :param FWHM_x: x方向的半高全宽\n",
    "    :param FWHM_y: y方向的半高全宽\n",
    "    :return: 展宽后的z值\n",
    "    \"\"\"\n",
    "    Z = np.zeros_like(X)  # 初始化Z矩阵\n",
    "    for i in range(len(x_points)):\n",
    "        for j in range(len(y_points)):\n",
    "            # 对每个(x, y)点进行展宽\n",
    "            Z += z_points[i, j] * (FWHM_x / 2) / (np.pi * np.sqrt(((X - x_points[i])**2 + (FWHM_x / 2)**2) + ((Y - y_points[j])**2 + (FWHM_y / 2)**2)))\n",
    "    return Z\n",
    "\n",
    "    \n",
    "if __name__ == \"__main__\":\n",
    "    # 只有在直接运行该脚本时，才执行以下测试代码\n",
    "    print(\"Testing utility functions\")\n",
    "    "
   ]
  },
  {
   "cell_type": "code",
   "execution_count": 6,
   "id": "44d6b9d0-be23-49ff-9a07-9eec20441fa2",
   "metadata": {},
   "outputs": [
    {
     "name": "stdout",
     "output_type": "stream",
     "text": [
      "Frame 1 written to aza_H_traj\\frame_1.xyz\n",
      "Frame 2 written to aza_H_traj\\frame_2.xyz\n",
      "Frame 3 written to aza_H_traj\\frame_3.xyz\n",
      "Frame 4 written to aza_H_traj\\frame_4.xyz\n",
      "Frame 5 written to aza_H_traj\\frame_5.xyz\n",
      "Frame 6 written to aza_H_traj\\frame_6.xyz\n",
      "Frame 7 written to aza_H_traj\\frame_7.xyz\n",
      "Frame 8 written to aza_H_traj\\frame_8.xyz\n",
      "Frame 9 written to aza_H_traj\\frame_9.xyz\n",
      "Frame 10 written to aza_H_traj\\frame_10.xyz\n",
      "Frame 11 written to aza_H_traj\\frame_11.xyz\n",
      "Frame 12 written to aza_H_traj\\frame_12.xyz\n",
      "Frame 13 written to aza_H_traj\\frame_13.xyz\n",
      "Frame 14 written to aza_H_traj\\frame_14.xyz\n",
      "Frame 15 written to aza_H_traj\\frame_15.xyz\n",
      "Frame 16 written to aza_H_traj\\frame_16.xyz\n",
      "Frame 17 written to aza_H_traj\\frame_17.xyz\n",
      "Frame 18 written to aza_H_traj\\frame_18.xyz\n",
      "===xyz file splitting completed===\n",
      "\n",
      "Calculating distance matrix for frame_1 ...\n",
      "Calculating 1/r^6 matrix for frame_1 ...\n",
      "Calculating molecular average 1/r^6 matrix for frame_1 ...\n",
      "Molecular average 1/r^6 matrix for frame_1 saved in frame_1_avg_inverse_r6_matrix.npy:\n",
      "[[1.28265597e-07 2.67147582e-04 1.76753399e-05 ... 1.46168863e-07\n",
      "  3.39917441e-07 1.77505768e-07]\n",
      " [2.67147582e-04 6.94629855e-07 3.39095880e-05 ... 3.08463635e-07\n",
      "  3.63931965e-07 2.45922487e-07]\n",
      " [1.76753399e-05 3.39095880e-05 2.53941779e-07 ... 4.69775803e-07\n",
      "  1.05546727e-07 2.08156494e-07]\n",
      " ...\n",
      " [1.46168863e-07 3.08463635e-07 4.69775803e-07 ... 3.54174472e-06\n",
      "  2.59348539e-04 2.56847294e-04]\n",
      " [3.39917441e-07 3.63931965e-07 1.05546727e-07 ... 2.59348539e-04\n",
      "  2.86495912e-06 2.60089998e-04]\n",
      " [1.77505768e-07 2.45922487e-07 2.08156494e-07 ... 2.56847294e-04\n",
      "  2.60089998e-04 4.32612803e-06]]\n",
      "===Finish calculation for frame_1===\n",
      "\n",
      "Calculating distance matrix for frame_10 ...\n",
      "Calculating 1/r^6 matrix for frame_10 ...\n",
      "Calculating molecular average 1/r^6 matrix for frame_10 ...\n",
      "Molecular average 1/r^6 matrix for frame_10 saved in frame_10_avg_inverse_r6_matrix.npy:\n",
      "[[2.98719588e-07 2.68763213e-04 2.25329071e-05 ... 7.90650514e-08\n",
      "  1.00688863e-07 6.96802295e-08]\n",
      " [2.68763213e-04 1.94424715e-07 3.48829455e-05 ... 2.62392868e-07\n",
      "  1.02846833e-07 1.74423868e-07]\n",
      " [2.25329071e-05 3.48829455e-05 3.67773051e-07 ... 8.40753121e-08\n",
      "  5.55655157e-08 8.27563402e-08]\n",
      " ...\n",
      " [7.90650514e-08 2.62392868e-07 8.40753121e-08 ... 3.33670854e-06\n",
      "  2.55509525e-04 2.51444186e-04]\n",
      " [1.00688863e-07 1.02846833e-07 5.55655157e-08 ... 2.55509525e-04\n",
      "  3.50912279e-06 2.60547027e-04]\n",
      " [6.96802295e-08 1.74423868e-07 8.27563402e-08 ... 2.51444186e-04\n",
      "  2.60547027e-04 3.30511128e-06]]\n",
      "===Finish calculation for frame_10===\n",
      "\n",
      "Calculating distance matrix for frame_11 ...\n",
      "Calculating 1/r^6 matrix for frame_11 ...\n",
      "Calculating molecular average 1/r^6 matrix for frame_11 ...\n",
      "Molecular average 1/r^6 matrix for frame_11 saved in frame_11_avg_inverse_r6_matrix.npy:\n",
      "[[2.24450646e-07 2.67767149e-04 2.33395875e-05 ... 3.39513303e-07\n",
      "  1.17032017e-06 5.45894023e-07]\n",
      " [2.67767149e-04 1.78812137e-07 3.60445746e-05 ... 2.20755040e-07\n",
      "  2.79597629e-07 1.64689066e-07]\n",
      " [2.33395875e-05 3.60445746e-05 2.45201183e-07 ... 9.58835047e-08\n",
      "  3.06337384e-07 8.18023073e-08]\n",
      " ...\n",
      " [3.39513303e-07 2.20755040e-07 9.58835047e-08 ... 2.74392635e-06\n",
      "  2.59517762e-04 2.57405077e-04]\n",
      " [1.17032017e-06 2.79597629e-07 3.06337384e-07 ... 2.59517762e-04\n",
      "  7.02806208e-06 2.61841197e-04]\n",
      " [5.45894023e-07 1.64689066e-07 8.18023073e-08 ... 2.57405077e-04\n",
      "  2.61841197e-04 4.23144016e-06]]\n",
      "===Finish calculation for frame_11===\n",
      "\n",
      "Calculating distance matrix for frame_12 ...\n",
      "Calculating 1/r^6 matrix for frame_12 ...\n",
      "Calculating molecular average 1/r^6 matrix for frame_12 ...\n",
      "Molecular average 1/r^6 matrix for frame_12 saved in frame_12_avg_inverse_r6_matrix.npy:\n",
      "[[1.35789053e-07 2.72707643e-04 2.31040330e-05 ... 1.22670020e-07\n",
      "  1.19241865e-07 3.82923581e-07]\n",
      " [2.72707643e-04 1.45118357e-07 3.52749149e-05 ... 3.16297315e-07\n",
      "  2.18996979e-07 4.60154107e-07]\n",
      " [2.31040330e-05 3.52749149e-05 1.55791551e-07 ... 9.37810325e-08\n",
      "  1.88060228e-07 1.52206358e-07]\n",
      " ...\n",
      " [1.22670020e-07 3.16297315e-07 9.37810325e-08 ... 3.85928701e-06\n",
      "  2.63242069e-04 2.59128606e-04]\n",
      " [1.19241865e-07 2.18996979e-07 1.88060228e-07 ... 2.63242069e-04\n",
      "  5.33361049e-06 2.57792809e-04]\n",
      " [3.82923581e-07 4.60154107e-07 1.52206358e-07 ... 2.59128606e-04\n",
      "  2.57792809e-04 6.94692597e-06]]\n",
      "===Finish calculation for frame_12===\n",
      "\n",
      "Calculating distance matrix for frame_13 ...\n",
      "Calculating 1/r^6 matrix for frame_13 ...\n",
      "Calculating molecular average 1/r^6 matrix for frame_13 ...\n",
      "Molecular average 1/r^6 matrix for frame_13 saved in frame_13_avg_inverse_r6_matrix.npy:\n",
      "[[1.49916501e-07 2.54639559e-04 2.32947611e-05 ... 1.34663840e-07\n",
      "  1.44630478e-07 9.58363828e-08]\n",
      " [2.54639559e-04 1.07453819e-07 3.43756736e-05 ... 3.40847464e-07\n",
      "  4.21422161e-07 2.38891771e-07]\n",
      " [2.32947611e-05 3.43756736e-05 1.58232511e-07 ... 2.58610007e-07\n",
      "  3.02392216e-07 1.62441148e-07]\n",
      " ...\n",
      " [1.34663840e-07 3.40847464e-07 2.58610007e-07 ... 5.36499453e-06\n",
      "  2.64402422e-04 2.53932593e-04]\n",
      " [1.44630478e-07 4.21422161e-07 3.02392216e-07 ... 2.64402422e-04\n",
      "  4.09879456e-06 2.58149745e-04]\n",
      " [9.58363828e-08 2.38891771e-07 1.62441148e-07 ... 2.53932593e-04\n",
      "  2.58149745e-04 2.13003011e-06]]\n",
      "===Finish calculation for frame_13===\n",
      "\n",
      "Calculating distance matrix for frame_14 ...\n",
      "Calculating 1/r^6 matrix for frame_14 ...\n",
      "Calculating molecular average 1/r^6 matrix for frame_14 ...\n",
      "Molecular average 1/r^6 matrix for frame_14 saved in frame_14_avg_inverse_r6_matrix.npy:\n",
      "[[1.17973780e-06 2.59947726e-04 2.24989013e-05 ... 3.08829982e-07\n",
      "  1.56158972e-07 6.14149873e-07]\n",
      " [2.59947726e-04 1.31667379e-07 3.43064079e-05 ... 9.19197295e-07\n",
      "  1.73479984e-07 2.91122704e-07]\n",
      " [2.24989013e-05 3.43064079e-05 2.45741547e-07 ... 2.09708496e-07\n",
      "  1.08644396e-07 3.40789265e-07]\n",
      " ...\n",
      " [3.08829982e-07 9.19197295e-07 2.09708496e-07 ... 3.92786840e-06\n",
      "  2.61975120e-04 2.53577619e-04]\n",
      " [1.56158972e-07 1.73479984e-07 1.08644396e-07 ... 2.61975120e-04\n",
      "  3.85705349e-06 2.66546268e-04]\n",
      " [6.14149873e-07 2.91122704e-07 3.40789265e-07 ... 2.53577619e-04\n",
      "  2.66546268e-04 3.22083159e-06]]\n",
      "===Finish calculation for frame_14===\n",
      "\n",
      "Calculating distance matrix for frame_15 ...\n",
      "Calculating 1/r^6 matrix for frame_15 ...\n",
      "Calculating molecular average 1/r^6 matrix for frame_15 ...\n",
      "Molecular average 1/r^6 matrix for frame_15 saved in frame_15_avg_inverse_r6_matrix.npy:\n",
      "[[2.08861043e-07 2.69047754e-04 2.40882534e-05 ... 8.65290523e-08\n",
      "  3.97793622e-07 4.77661534e-07]\n",
      " [2.69047754e-04 1.33461646e-07 3.32621470e-05 ... 1.51539785e-07\n",
      "  1.53527514e-07 1.69140493e-07]\n",
      " [2.40882534e-05 3.32621470e-05 4.24808876e-07 ... 9.89474170e-08\n",
      "  1.22186445e-07 1.00178038e-07]\n",
      " ...\n",
      " [8.65290523e-08 1.51539785e-07 9.89474170e-08 ... 5.92603996e-06\n",
      "  2.59273490e-04 2.57486654e-04]\n",
      " [3.97793622e-07 1.53527514e-07 1.22186445e-07 ... 2.59273490e-04\n",
      "  5.36011622e-06 2.49486318e-04]\n",
      " [4.77661534e-07 1.69140493e-07 1.00178038e-07 ... 2.57486654e-04\n",
      "  2.49486318e-04 2.19562541e-06]]\n",
      "===Finish calculation for frame_15===\n",
      "\n",
      "Calculating distance matrix for frame_16 ...\n",
      "Calculating 1/r^6 matrix for frame_16 ...\n",
      "Calculating molecular average 1/r^6 matrix for frame_16 ...\n",
      "Molecular average 1/r^6 matrix for frame_16 saved in frame_16_avg_inverse_r6_matrix.npy:\n",
      "[[1.15068654e-07 2.66371846e-04 2.40420384e-05 ... 1.05317847e-07\n",
      "  1.34063296e-07 2.07228637e-07]\n",
      " [2.66371846e-04 8.35290287e-08 3.27885810e-05 ... 9.95233436e-08\n",
      "  1.27001155e-07 1.79114252e-07]\n",
      " [2.40420384e-05 3.27885810e-05 7.08599163e-07 ... 4.34678864e-08\n",
      "  7.25222792e-08 1.29269577e-07]\n",
      " ...\n",
      " [1.05317847e-07 9.95233436e-08 4.34678864e-08 ... 3.48088986e-06\n",
      "  2.55754694e-04 2.57821188e-04]\n",
      " [1.34063296e-07 1.27001155e-07 7.25222792e-08 ... 2.55754694e-04\n",
      "  4.06680512e-06 2.58996461e-04]\n",
      " [2.07228637e-07 1.79114252e-07 1.29269577e-07 ... 2.57821188e-04\n",
      "  2.58996461e-04 4.13721336e-06]]\n",
      "===Finish calculation for frame_16===\n",
      "\n",
      "Calculating distance matrix for frame_17 ...\n",
      "Calculating 1/r^6 matrix for frame_17 ...\n",
      "Calculating molecular average 1/r^6 matrix for frame_17 ...\n",
      "Molecular average 1/r^6 matrix for frame_17 saved in frame_17_avg_inverse_r6_matrix.npy:\n",
      "[[2.34029744e-07 2.66171871e-04 2.37961437e-05 ... 3.48912610e-07\n",
      "  5.81419996e-07 2.39892902e-07]\n",
      " [2.66171871e-04 2.05043346e-07 3.30897110e-05 ... 6.61592919e-07\n",
      "  3.24073970e-07 4.27153796e-07]\n",
      " [2.37961437e-05 3.30897110e-05 4.15683710e-07 ... 3.95538609e-07\n",
      "  1.50767655e-07 2.76681158e-07]\n",
      " ...\n",
      " [3.48912610e-07 6.61592919e-07 3.95538609e-07 ... 3.72561390e-06\n",
      "  2.56043359e-04 2.57713158e-04]\n",
      " [5.81419996e-07 3.24073970e-07 1.50767655e-07 ... 2.56043359e-04\n",
      "  5.28089789e-06 2.62204419e-04]\n",
      " [2.39892902e-07 4.27153796e-07 2.76681158e-07 ... 2.57713158e-04\n",
      "  2.62204419e-04 2.56130944e-06]]\n",
      "===Finish calculation for frame_17===\n",
      "\n",
      "Calculating distance matrix for frame_18 ...\n",
      "Calculating 1/r^6 matrix for frame_18 ...\n",
      "Calculating molecular average 1/r^6 matrix for frame_18 ...\n",
      "Molecular average 1/r^6 matrix for frame_18 saved in frame_18_avg_inverse_r6_matrix.npy:\n",
      "[[1.43445687e-07 2.71784998e-04 2.41281455e-05 ... 2.06812938e-07\n",
      "  1.41147484e-07 1.35227430e-07]\n",
      " [2.71784998e-04 7.13134163e-07 3.40824280e-05 ... 2.69004643e-07\n",
      "  4.17052292e-07 1.72974097e-07]\n",
      " [2.41281455e-05 3.40824280e-05 9.70667375e-07 ... 5.64026103e-08\n",
      "  4.93570875e-08 4.41484067e-08]\n",
      " ...\n",
      " [2.06812938e-07 2.69004643e-07 5.64026103e-08 ... 2.77334771e-06\n",
      "  2.55823669e-04 2.70877489e-04]\n",
      " [1.41147484e-07 4.17052292e-07 4.93570875e-08 ... 2.55823669e-04\n",
      "  3.52345347e-06 2.55627000e-04]\n",
      " [1.35227430e-07 1.72974097e-07 4.41484067e-08 ... 2.70877489e-04\n",
      "  2.55627000e-04 2.87287473e-06]]\n",
      "===Finish calculation for frame_18===\n",
      "\n",
      "Calculating distance matrix for frame_2 ...\n",
      "Calculating 1/r^6 matrix for frame_2 ...\n",
      "Calculating molecular average 1/r^6 matrix for frame_2 ...\n",
      "Molecular average 1/r^6 matrix for frame_2 saved in frame_2_avg_inverse_r6_matrix.npy:\n",
      "[[1.41994743e-07 2.68466765e-04 1.98167453e-05 ... 4.75190681e-07\n",
      "  4.07604937e-07 2.28146779e-07]\n",
      " [2.68466765e-04 1.27844151e-07 3.50482998e-05 ... 4.67961631e-07\n",
      "  2.36755473e-07 4.55917950e-07]\n",
      " [1.98167453e-05 3.50482998e-05 4.55058506e-07 ... 8.90955963e-08\n",
      "  6.33013374e-08 1.98903269e-07]\n",
      " ...\n",
      " [4.75190681e-07 4.67961631e-07 8.90955963e-08 ... 4.96557903e-06\n",
      "  2.60919095e-04 2.68794244e-04]\n",
      " [4.07604937e-07 2.36755473e-07 6.33013374e-08 ... 2.60919095e-04\n",
      "  3.93584489e-06 2.50594429e-04]\n",
      " [2.28146779e-07 4.55917950e-07 1.98903269e-07 ... 2.68794244e-04\n",
      "  2.50594429e-04 6.12061491e-06]]\n",
      "===Finish calculation for frame_2===\n",
      "\n",
      "Calculating distance matrix for frame_3 ...\n",
      "Calculating 1/r^6 matrix for frame_3 ...\n",
      "Calculating molecular average 1/r^6 matrix for frame_3 ...\n",
      "Molecular average 1/r^6 matrix for frame_3 saved in frame_3_avg_inverse_r6_matrix.npy:\n",
      "[[1.68944034e-07 2.68248351e-04 2.07889867e-05 ... 1.48855082e-07\n",
      "  7.64040231e-08 1.23613520e-07]\n",
      " [2.68248351e-04 3.10176361e-07 3.27061305e-05 ... 3.13876700e-07\n",
      "  1.41805831e-07 4.32294774e-07]\n",
      " [2.07889867e-05 3.27061305e-05 4.93649014e-07 ... 7.20425049e-08\n",
      "  1.19822602e-07 1.65625452e-07]\n",
      " ...\n",
      " [1.48855082e-07 3.13876700e-07 7.20425049e-08 ... 4.03493777e-06\n",
      "  2.56248324e-04 2.60642968e-04]\n",
      " [7.64040231e-08 1.41805831e-07 1.19822602e-07 ... 2.56248324e-04\n",
      "  3.76894134e-06 2.57160370e-04]\n",
      " [1.23613520e-07 4.32294774e-07 1.65625452e-07 ... 2.60642968e-04\n",
      "  2.57160370e-04 4.02081355e-06]]\n",
      "===Finish calculation for frame_3===\n",
      "\n",
      "Calculating distance matrix for frame_4 ...\n",
      "Calculating 1/r^6 matrix for frame_4 ...\n",
      "Calculating molecular average 1/r^6 matrix for frame_4 ...\n",
      "Molecular average 1/r^6 matrix for frame_4 saved in frame_4_avg_inverse_r6_matrix.npy:\n",
      "[[1.47489103e-07 2.76107013e-04 2.02075640e-05 ... 1.21376905e-07\n",
      "  9.14986831e-08 1.54042536e-07]\n",
      " [2.76107013e-04 2.22305401e-07 3.32954144e-05 ... 1.58692119e-07\n",
      "  1.17607477e-07 1.24094356e-07]\n",
      " [2.02075640e-05 3.32954144e-05 9.35729070e-07 ... 2.39024246e-07\n",
      "  6.63934009e-08 1.30623095e-07]\n",
      " ...\n",
      " [1.21376905e-07 1.58692119e-07 2.39024246e-07 ... 4.72853124e-06\n",
      "  2.63728550e-04 2.58140978e-04]\n",
      " [9.14986831e-08 1.17607477e-07 6.63934009e-08 ... 2.63728550e-04\n",
      "  5.94739291e-06 2.53431812e-04]\n",
      " [1.54042536e-07 1.24094356e-07 1.30623095e-07 ... 2.58140978e-04\n",
      "  2.53431812e-04 5.12889891e-06]]\n",
      "===Finish calculation for frame_4===\n",
      "\n",
      "Calculating distance matrix for frame_5 ...\n",
      "Calculating 1/r^6 matrix for frame_5 ...\n",
      "Calculating molecular average 1/r^6 matrix for frame_5 ...\n",
      "Molecular average 1/r^6 matrix for frame_5 saved in frame_5_avg_inverse_r6_matrix.npy:\n",
      "[[2.50632858e-07 2.64475398e-04 2.09189654e-05 ... 1.19009456e-07\n",
      "  1.26751700e-07 2.22254116e-07]\n",
      " [2.64475398e-04 5.29057963e-07 3.50758984e-05 ... 1.72905411e-07\n",
      "  2.60993819e-07 1.78624254e-07]\n",
      " [2.09189654e-05 3.50758984e-05 9.00472495e-07 ... 6.15925072e-08\n",
      "  5.16360725e-08 5.01430133e-08]\n",
      " ...\n",
      " [1.19009456e-07 1.72905411e-07 6.15925072e-08 ... 7.14925194e-06\n",
      "  2.50896313e-04 2.60921090e-04]\n",
      " [1.26751700e-07 2.60993819e-07 5.16360725e-08 ... 2.50896313e-04\n",
      "  4.42074289e-06 2.63078911e-04]\n",
      " [2.22254116e-07 1.78624254e-07 5.01430133e-08 ... 2.60921090e-04\n",
      "  2.63078911e-04 3.18708631e-06]]\n",
      "===Finish calculation for frame_5===\n",
      "\n",
      "Calculating distance matrix for frame_6 ...\n",
      "Calculating 1/r^6 matrix for frame_6 ...\n",
      "Calculating molecular average 1/r^6 matrix for frame_6 ...\n",
      "Molecular average 1/r^6 matrix for frame_6 saved in frame_6_avg_inverse_r6_matrix.npy:\n",
      "[[1.30037373e-07 2.66232442e-04 2.01890058e-05 ... 2.82963516e-07\n",
      "  8.47531476e-07 4.33394043e-07]\n",
      " [2.66232442e-04 1.31767338e-07 3.49062905e-05 ... 4.23096444e-07\n",
      "  9.25546306e-07 2.53847714e-07]\n",
      " [2.01890058e-05 3.49062905e-05 7.14318324e-07 ... 2.24021129e-07\n",
      "  4.28581329e-07 4.12821202e-07]\n",
      " ...\n",
      " [2.82963516e-07 4.23096444e-07 2.24021129e-07 ... 5.14396991e-06\n",
      "  2.60828104e-04 2.58596487e-04]\n",
      " [8.47531476e-07 9.25546306e-07 4.28581329e-07 ... 2.60828104e-04\n",
      "  3.72883239e-06 2.63387666e-04]\n",
      " [4.33394043e-07 2.53847714e-07 4.12821202e-07 ... 2.58596487e-04\n",
      "  2.63387666e-04 3.38176821e-06]]\n",
      "===Finish calculation for frame_6===\n",
      "\n",
      "Calculating distance matrix for frame_7 ...\n",
      "Calculating 1/r^6 matrix for frame_7 ...\n",
      "Calculating molecular average 1/r^6 matrix for frame_7 ...\n",
      "Molecular average 1/r^6 matrix for frame_7 saved in frame_7_avg_inverse_r6_matrix.npy:\n",
      "[[9.11461142e-08 2.59827369e-04 2.13769025e-05 ... 6.35225249e-07\n",
      "  5.39448918e-07 3.97609249e-07]\n",
      " [2.59827369e-04 3.96439304e-07 3.51318835e-05 ... 7.37038885e-07\n",
      "  7.39844652e-07 1.84463688e-07]\n",
      " [2.13769025e-05 3.51318835e-05 3.52654405e-07 ... 2.98384786e-07\n",
      "  2.04505156e-07 3.53784455e-07]\n",
      " ...\n",
      " [6.35225249e-07 7.37038885e-07 2.98384786e-07 ... 4.12692281e-06\n",
      "  2.58894363e-04 2.56020427e-04]\n",
      " [5.39448918e-07 7.39844652e-07 2.04505156e-07 ... 2.58894363e-04\n",
      "  4.36350878e-06 2.61582574e-04]\n",
      " [3.97609249e-07 1.84463688e-07 3.53784455e-07 ... 2.56020427e-04\n",
      "  2.61582574e-04 3.71665664e-06]]\n",
      "===Finish calculation for frame_7===\n",
      "\n",
      "Calculating distance matrix for frame_8 ...\n",
      "Calculating 1/r^6 matrix for frame_8 ...\n",
      "Calculating molecular average 1/r^6 matrix for frame_8 ...\n",
      "Molecular average 1/r^6 matrix for frame_8 saved in frame_8_avg_inverse_r6_matrix.npy:\n",
      "[[1.11440568e-07 2.66569333e-04 2.09049872e-05 ... 9.42267439e-08\n",
      "  1.61874100e-07 3.33421306e-07]\n",
      " [2.66569333e-04 1.05631158e-07 3.40856920e-05 ... 2.33763436e-07\n",
      "  5.15370325e-07 5.05829686e-07]\n",
      " [2.09049872e-05 3.40856920e-05 1.06445445e-06 ... 9.67415524e-08\n",
      "  1.82325646e-07 1.86530595e-07]\n",
      " ...\n",
      " [9.42267439e-08 2.33763436e-07 9.67415524e-08 ... 2.69184493e-06\n",
      "  2.55892020e-04 2.66865340e-04]\n",
      " [1.61874100e-07 5.15370325e-07 1.82325646e-07 ... 2.55892020e-04\n",
      "  4.16252296e-06 2.58313840e-04]\n",
      " [3.33421306e-07 5.05829686e-07 1.86530595e-07 ... 2.66865340e-04\n",
      "  2.58313840e-04 4.37929315e-06]]\n",
      "===Finish calculation for frame_8===\n",
      "\n",
      "Calculating distance matrix for frame_9 ...\n",
      "Calculating 1/r^6 matrix for frame_9 ...\n",
      "Calculating molecular average 1/r^6 matrix for frame_9 ...\n",
      "Molecular average 1/r^6 matrix for frame_9 saved in frame_9_avg_inverse_r6_matrix.npy:\n",
      "[[5.19488129e-07 2.65384193e-04 2.42516711e-05 ... 1.38518614e-07\n",
      "  1.04893556e-06 5.42630296e-07]\n",
      " [2.65384193e-04 1.31871363e-07 3.32258266e-05 ... 1.33906863e-07\n",
      "  3.35206783e-07 5.13370027e-07]\n",
      " [2.42516711e-05 3.32258266e-05 1.31229601e-06 ... 1.87657101e-07\n",
      "  2.10970887e-07 1.87460680e-07]\n",
      " ...\n",
      " [1.38518614e-07 1.33906863e-07 1.87657101e-07 ... 3.37473426e-06\n",
      "  2.53288717e-04 2.55170207e-04]\n",
      " [1.04893556e-06 3.35206783e-07 2.10970887e-07 ... 2.53288717e-04\n",
      "  3.42982515e-06 2.63462974e-04]\n",
      " [5.42630296e-07 5.13370027e-07 1.87460680e-07 ... 2.55170207e-04\n",
      "  2.63462974e-04 6.74503491e-06]]\n",
      "===Finish calculation for frame_9===\n",
      "\n",
      "Calculating time average 1/r^6 matrix for aza_H_traj ...\n",
      "Molecular average 1/r^6 matrix for aza_H_traj saved in aza_H_traj_time_avg_inverse_r6_matrix.npy:\n",
      "[[2.43303180e-07 2.66647789e-04 2.20530522e-05 ... 2.16324986e-07\n",
      "  3.65857310e-07 2.98950678e-07]\n",
      " [2.66647789e-04 2.52353749e-07 3.41940226e-05 ... 3.43936433e-07\n",
      "  3.25281175e-07 2.87334949e-07]\n",
      " [2.20530522e-05 3.41940226e-05 5.65281834e-07 ... 1.70819450e-07\n",
      "  1.54939798e-07 1.81351159e-07]\n",
      " ...\n",
      " [2.16324986e-07 3.43936433e-07 1.70819450e-07 ... 4.16089960e-06\n",
      "  2.58421452e-04 2.58965867e-04]\n",
      " [3.65857310e-07 3.25281175e-07 1.54939798e-07 ... 2.58421452e-04\n",
      "  4.37113814e-06 2.59016323e-04]\n",
      " [2.98950678e-07 2.87334949e-07 1.81351159e-07 ... 2.58965867e-04\n",
      "  2.59016323e-04 4.03375870e-06]]\n",
      "===Finish calculation for aza_H_traj===\n",
      "\n",
      "Execution time: 1863.1448 seconds\n"
     ]
    }
   ],
   "source": [
    "import time\n",
    "start_time = time.time()\n",
    "\n",
    "# 使用函数来拆分文件\n",
    "filename = \"aza_H_traj\"\n",
    "input_xyz_file = f\"{filename}.xyz\"\n",
    "split_xyz(input_xyz_file)\n",
    "\n",
    "# 进入保存独立xyz文件的子目录\n",
    "current_directory = os.getcwd()\n",
    "folder_name = filename  # 替换为你要进入的文件夹名\n",
    "folder_path = os.path.join(current_directory, folder_name)\n",
    "os.chdir(folder_path) # 切换到目标文件夹\n",
    "\n",
    "# 遍历xyz文件\n",
    "current_directory = os.getcwd()\n",
    "xyz_files = [f for f in os.listdir(current_directory) if f.endswith('.xyz')] \n",
    "for xyz_file in xyz_files:\n",
    "    natom = 58\n",
    "    deleteH = [21,22,23,34,35]\n",
    "    noe_calc(xyz_file.split('.', 1)[0], natom, deleteH)\n",
    "\n",
    "calculate_average_matrix(filename)\n",
    "\n",
    "os.chdir('..')\n",
    "\n",
    "end_time = time.time()\n",
    "elapsed_time = end_time - start_time\n",
    "print(f\"Execution time: {elapsed_time:.4f} seconds\")"
   ]
  },
  {
   "cell_type": "code",
   "execution_count": 28,
   "id": "da3aad81-91d3-4097-95a6-32ae31c688b2",
   "metadata": {},
   "outputs": [
    {
     "name": "stdout",
     "output_type": "stream",
     "text": [
      "[2.6  2.6  1.72 1.72 2.6  2.6  2.77 2.77 2.46 2.46 2.46 2.46 1.72 1.72\n",
      " 2.6  2.6  2.77 2.77 2.77 2.77 2.77 2.77 1.38 1.38 1.23 1.23 1.23 1.23\n",
      " 1.23 1.23 1.23 1.23 1.23 1.23 1.23 1.23 1.23 1.23 1.23 1.23 1.23 1.23\n",
      " 1.23 1.23 1.23 1.23 1.23 1.23 1.23 1.23 0.82 0.82 0.82]\n"
     ]
    },
    {
     "data": {
